***BLOCKS***
-50 550
0 400
0 350
0 200
0 0
50 400
100 400
150 400
150 350
150 300
150 250
150 200
150 150
150 100
150 50
200 200
250 100
250 450
300 0
300 50
300 100
300 150
300 200
300 250
300 300
300 350
300 400
300 450
400 500
500 100
500 250
500 400
550 150
600 150
650 150
700 150 
750 150
800 150
850 150
900 150
900 400
950 150
1000 100
1000 150
1150 400
1200 550

***UPSPIKES***
50 375
100 375
250 75
250 425
550 575
600 575
650 575
700 575
750 575
800 575
850 575
900 375
900 575
950 575
1000 575
1150 375

***DOWNSPIKES***
0 50
250 500
350 0
400 0
550 200
600 0
800 0
850 0
900 450
1150 450

***ENEMIES***
200 550
850 550
900 100
1000 400

***PLAYERS***
0 300

***DOOR***
1150 500