***BLOCKS***
0 100
0 150
0 200
0 250
0 300
100 100
100 150
100 200
100 250
100 300
50 300
50 350
50 400
50 450
50 500
200 300
200 350
200 400
200 450
200 500
250 500
250 300
300 300
300 350
300 400
300 450
300 500
400 300
400 350
400 400
400 450
400 500
500 300
500 350
500 400
500 450
500 500
450 500
600 100
600 150
600 200
600 250
600 300
600 350
600 400
700 100
700 150
700 200
700 250
700 300
700 350
700 400
800 100
800 150
800 200
800 250
800 300
800 350
800 400
650 450
700 450
750 450
650 500
700 500
750 500
900 300
900 400
900 450
900 500
1000 300
1000 350
1000 400
1000 450
1000 500
1050 350
1100 350
1150 350
1150 400
1150 450
1150 500

***UPSPIKES***

***DOWNSPIKES***

***ENEMIES***

***PLAYERS***
0 50

***DOOR***
575 500