***BLOCKS***
50 450 
200 300
250 300
450 200
450 250
500 250
550 250
600 250
650 250
650 200
550 50
750 350
800 350
950 200
1000 150
1050 100
1100 150
950 250
950 300
950 350
950 400
950 450
950 500
950 550
1150 300
1100 300
1050 300
50 500
50 550

***UPSPIKES***
100 575
150 575
200 575
250 575
300 575
350 575
400 575
450 575
500 575
550 575
600 575
650 575
700 575
750 575
800 575
850 575
900 575
1050 100
1000 575

***DOWNSPIKES***

***ENEMIES***
550 200

***PLAYERS***
0 550

***DOOR***
1150 500