***BLOCKS***
50 200
50 250
50 550
100 250
150 250
150 450
200 250
200 450
250 250
250 450
300 200
300 250
300 450
350 200
400 150
400 200
400 350
400 550
450 150
500 100
500 150
400 400
550 0
550 50
550 100
550 150
550 400
600 350
650 200
700 200
750 200
800 200
850 200
900 200
950 200
950 250
950 300
950 350
1000 350
1050 150
1100 550

***UPSPIKES***
0 575
100 575
150 575
200 575
250 575
300 575
350 175
350 575
450 125
800 175
850 175
900 175
1050 125

***DOWNSPIKES***
350 250
400 250
450 0
500 0
600 0
650 0
700 0
950 400
1000 0
1000 400
1050 0
1100 0
1150 0

***ENEMIES***
150 200
600 550
800 550
1000 550

***PLAYERS***
500 50

***DOOR***
1150 500