***BLOCKS***
0 200
50 150 
100 200
150 150  
200 200 
250 150 
250 200
300 200 
350 200  
450 0 
450 50 
450 100 
450 150 
450 200 
450 250 
450 300 
450 350   
150 350 
200 350 
250 350 
300 350 
350 350 
400 350 
0 450 
50 450 
100 550
150 550  
200 550 
250 550 
400 550 
400 400 
500 350   
500 600 
600 200 
650 100
650 150
650 200
650 250
650 300
650 350
650 400
650 450
650 500
650 550 
600 500 
700 150 
750 150 
800 150 
850 150 
900 150 
950 150 
1000 150 
1000 100  
1150 300 
1150 350  
1100 350 
1050 400 
1000 400 
950 400 
900 400
850 400 
800 400   
850 350 
700 550
750 550 
1050 550
1100 550

***UPSPIKES*** 
0 425

***DOWNSPIKES*** 
100 0  
200 0  
300 0    
150 400 
300 400 
350 400  
750 0 

***ENEMIES*** 
700 100  
900 350   
1000 550 

***PLAYERS***
0 150

***DOOR***
1150 500